00000000000100000000000010010011
00000110010000000000000100010011
00000011001000000000000110010011
00000000010000000000001000010011
00000000010100000000001010010011
00000000011000000000001100010011
00000000011100000000001110010011
00000000100000000000010000010011
00000000100100000000010010010011
00000000101000000000010100010011
00000000101100000000010110010011
00000000110000000000011000010011
00000000110100000000011010010011
00000000111000000000011100010011
00000000111100000000011110010011
00000001000000000000100000010011
00000001000100000000100010010011
00000001001000000000100100010011
00000001001100000000100110010011
00000001010000000000101000010011
00000001010100000000101010010011
00000001011000000000101100010011
00000001011100000000101110010011
00000001100000000000110000010011
00000001100100000000110010010011
00000001101000000000110100010011
00000001101100000000110110010011
00000001110000000000111000010011
00000001110100000000111010010011
00000001111000000000111100010011
00000001111100000000111110010011
00000001000000000000000011101111
00001010110100000000000100010011
00001110111100000000000110010011
00000000001100010000001000110011
00000000011000101000001010110011
00000000011100110000001100110011
00000000100000111000001110110011
00000000100101000000010000110011
00000000101001001000010010110011
00000000101101010000010100110011
00000000110001011000010110110011
00000000110101100000011000110011
00000000111001101000011010110011
00000000111101110000011100110011
00000001000001111000011110110011
00000001000110000000100000110011
00000001001010001000100010110011
00000001001110010000100100110011
00000001010010011000100110110011
00000001010110100000101000110011
00000001011010101000101010110011
00000001011110110000101100110011
00000001100010111000101110110011
00000001100111000000110000110011
00000001101011001000110010110011
00000001101111010000110100110011
00000001110011011000110110110011
00000001110111100000111000110011
00000001111011101000111010110011
00000001111111110000111100110011
00000000000111111000111110110011
00000000011000101001000010110011
00000000011100110101000100110011
00000000100000111001000110110011
00000000100101000101001000110011
00000000101001001001001010110011
00000000101101010101001100110011
00000000110001011001001110110011
00000000110101100101010000110011
00000000111001101001010010110011
00000000111101110101010100110011
00000001000001111001010110110011
00000001000110000101011000110011
00000001001010001001011010110011
00000001001110010101011100110011
00000001010010011001011110110011
00000001010110100101100000110011
00000001011010101001100010110011
00000001011110110101100100110011
00000001100010111001100110110011
00000001100111000101101000110011
00000000001000001100101010110011
00000000010000011111101100110011
00000000011000101110101110110011
00000000100000111100110000110011
00000000101001001111110010110011
00000000110001011110110100110011
00000000111001101100110110110011
00000001000001111111111000110011
00000001001010001110111010110011
00000001010010011100111100110011
00000001011010101111111110110011
00000001100010111110000010110011
00000001101011001100000100110011
00000001110011011111000110110011
00000001111011101110001000110011
00000000000111111100001010110011
00000000001100010111001100110011
00000000010100100110001110110011
00000000011100110100010000110011
00000000000101000111010010110011
00000000001001001110010100110011
00000000001101010010010110110011
00000000010001101010011100110011
00000000010110000010100010110011
00000000011010011010101000110011
00000000011110110010101110110011
00000000100011001010110100110011
00000000100111100010111010110011
00000000101011111000000010110011
01000000101100001000000100110011
00000000110000010001000110110011
00000000110100011101001000110011
00000000111000100100001010110011
00000000111100101111001100110011
00000001000000110110001110110011
00000001000100111000010000110011
01000001001001000000010010110011
00000001001101001001010100110011
00000001010001010101010110110011
00000001010101011100011000110011
00000001011001100111011010110011
00000001011101101110011100110011
00000001100001110000011110110011
01000001100101111000100000110011
00000001101010000001100010110011
00000001101110001101100100110011
00000001110010010100100110110011
00000001110110011111101000110011
00000001111010100110101010110011
00000001111110101000101100110011
01000000000110110000101110110011
00000000001010111001110000110011
00000000001111000101110010110011
00000000010011001100110100110011
00000000010111010111110110110011
00000000011011011110111000110011
00000000011111100000111010110011
01000000100011101000111100110011
00000000100111110001111110110011
00000000101011111101000010110011
00000000101100001100000100110011
00000000110000010111000110110011
00000000110100011110001000110011
00000000111000100000001010110011
01000000111100101000001100110011
00000001000000110001001110110011
00000001000100111101010000110011
00000001001001000100010010110011
00000001001101001111010100110011
00000001010001010110010110110011
00000001010101011000011000110011
01000001011001100000011010110011
00000001011101101001011100110011
00000001100001110101011110110011
00000001100101111100100000110011
00000001101010000111100010110011
00000001101110001110100100110011
00000001110010010000100110110011
01000001110110011000101000110011
00000001111010100001101010110011
00000001111110101101101100110011
00000000000110110100101110110011
00000000001010111111110000110011
00000000001111000110110010110011
00000000010011001000110100110011
01000000010111010000110110110011
00000000011011011001111000110011
00000000011111100101111010110011
00000000100011101100111100110011
00000000100111110111111110110011
00000000101011111110000010110011
00001010001100010100011001100011
00001100101000000000000100010011
00001011101000000000000110010011
00000000001100010100001000110011
00000000001000100111001010110011
00000000001100101110001100110011
00000000001000110000001110110011
01000000001100111000010000110011
00000000010001000001010010110011
00000000010101001101010100110011
00000000011001010010010110110011
00000000011101100000011010110011
00001010101101101000011100010011
00000000001001110100011110110011
00000000001101111111100000110011
00000000010010000110100010110011
00000000010110001000100100110011
01000000011010010000100110110011
00000000011110011001101000110011
00000000100010100101101010110011
00000000100110101010101100110011
00000000101010111000110000110011
00001110111111000000110010010011
00000000101111001100110100110011
00000000110011010111110110110011
00000000110111011110111000110011
00000000111011100000111010110011
01000000111111101000111100110011
00000001000011110001111110110011
00000001000111111101000010110011
00000001001000001010000100110011
00000001001100011000001000110011
00000000111000100000001010010011
00000001010000101100001100110011
00000001010100110111001110110011
00000001011000111110010000110011
00000001011101000000010010110011
01000001100001001000010100110011
00000001100101010001010110110011
00000001101001011101011000110011
00000001101101100010011010110011
00000001110001110000011110110011
00000111110000000000000001101111
00001101111100000000000010010011
00001111111000000000000100010011
00000000001000001000000110110011
00000000000100011100001000110011
00000000001000100001001010110011
00000000001100101101001100110011
00001100101000000000001110010011
00001111000000000000010000010011
00000000100000111110010010110011
00000000000101001111010100110011
01000000001001010000010110110011
00000000000101100000011010110011
00000000001001101001011100110011
00000000001101110101011110110011
00000000010001111100100000110011
00000000010110000111100010110011
00000000011010001110100100110011
00000000011110010010100110110011
00000000100010100000101010110011
00000001001000000000101100010011
00000101011000000000101110010011
00000001011110110000110000110011
01000001011011000000110010110011
00000000000111001001110100110011
00000000001011010101110110110011
00000001011011011100111000110011
00000001011111100111111010110011
00000001100011101110111100110011
00000001100111110010111110110011
00000001111000001000000100110011
00000000000000000000000000010011
00000000000000000000000000010011
00000000000000000000000000010011
